$ANSIBLE_VAULT;1.1;AES256
31636332343239303365666136663966633038613265366339623939313331373039663266616434
3161356434336233386166363932653465383931393930350a353463306536313862313535623361
62656633343332323239623331366331386638626635663163353362303334626334643933633762
3561303462333231650a396638373036303834656237376634646137613036306462353538383864
34633563633535323866393664393939383766356631323731636465306333396638333831323066
64616537343038613665633763383034623734346533326637303035316634653633663337306539
36353234633631663964623634316632623937343138376465393863656532396666346362366136
30626461613435653233616230316266343430666336306663393437306633306230333864346566
31633232643033356263313637333562626563336333336665373762353639376463646361356535
37663066386331333461343331653761646432323164323133386166373062633636613561666464
39613230393534393430623163306465306263373730313062346339626635613431656664396333
62393335636237646232366565623033333237303539376366353161373139393734653366636131
38626537363634393231313866373131313731303264313761356461613936373332313431353031
36616339613436616565376430653831323531663935376165613835326539636363393137333133
31653365336135313261653466393663393032323262316365633234613635393165396332396638
63393530313661363935343031346534333835313261653038613738316363393864343631313562
39346339346366363534343862323561646337376538653636353738323764643231386534643465
31306562393362653533343765653834306336393535316234343161613664393931396639316333
38316138663636326261616635633436363437306436643334363832616639303338623532366465
33636136303735316436646432323962393366633534343933373965356535363731393433666164
35636335303562333833663034366139306464636537343533666238323335626337613663393333
39633930633432386363363162363038633264356438336234383562633131363630633863353337
30373835336534336434303761323464306361396135316535356463623436343834383231366239
32333235316334626632303961666263633265393035333536636333313738633832373764393662
35623139363834646465623661643063633864633230666366393334656631323831386438626630
30303235326661383564643634353036353331303131613065356334633931663364636239623435
61303163653463333738326361663635366139656663363635303661376662393137663534646432
38383834623535643537616464396430386538386337656432376330366562343531643439353566
30656466336636633566633965343864373664343034333135346266303839366538313463636365
39653432356463353930636535353832626636356135366630653337623861653762616164323230
62326330313139363430316535323065316431626639646134613763303861656439663163643637
30643039323032653039343164613134653536613734613764336633306562663830323133316365
63396561306238376333373338346639326438613066326130396438393136636534643963623430
32393431313333363165366237643537303665363564653766343536343030333263333635333765
36643038336664616633633866393730663938306361623237663263313466663061363061326132
64336266363935323235366364376562643439346434373536376561313265323432366133316531
39623063633731316438666232396165626432373436643162303730363533323530663030646531
62356636643035373361303766363663376366333832376133656238333865326339343736626337
64353365646237396534633738613733633265626132653336393164376263326331623665313330
63613166663563373234313164303363313563333630383038336561373539343334613438373065
34333735396532643131303663623432643066633961653632373530363633663234663938363239
36643732646163626661643338613830333737383837336262373636383033613731316662386333
32393330323730626431336263626332343331633830633939626232663463303937653931383831
38623632666266333066363362353837643933326635333865363162633135356539623539303135
64666465336265376564396339356134373931323564663437386539356439386436376634663139
33316333646538353362376666313037333361663138376138616162326266383233356231633964
63363635383739643630616431383039653732363530306166653231373733396535666533633336
64303238336131613136653335373035643330653939376462323431353666396130616534326638
31313631363737663036393537636636363734356632613065663263323030653733373931376564
63653339343366633165333138316139346362356630356336643732393663336263316536373165
33613666646261326634633735386366363932356232653332383662393535393035666638353230
39656533356234363263666634653862623532366362396230366436653430643963316262633534
37343839306139633534383964643636333762343832643163396361616334393561366439613866
33386239343631663635646530336464386430366237336232323131323933353466636332326434
37636637636263613630363134653633353538316135303035323736326635373532316565366361
39366261316637366235623936626135613936633033363162313665633832393565333165363539
30666330313562646637313239393264383433326634633132353364393239623036373161326332
62653832323536346365336237623363366535366630353037666464383861333166666135323537
61356136633637653537396236636432326661316538316463616163663862616539303466376566
30643565333931616439303863346538663934383830363364366464393539663065643038303738
38633530316137393837346666306634616165663533343033643665343630613435333561636635
33666666643538343737353831356565643939303732326133363830383739626665386362376336
64376466376236356434613366336236376262636532646131356332393364373130636662323334
36316333623665613966616562636538353737666432653230363635363538313530323331643961
66356130653933383639663531376363636462613332393663393362333231366535393864363761
64333265643330333831376330386664613966306335333030346434316535623064623836333936
353932626263303162363832313065646534
